758
258
610
817
244
256
870
908
489
843
893
965
786
999
713
76
590
692
109
139
977
138
940
762
39
495
96
212
103
676
940
860
285
549
677
529
804
898
436
644
740
681
608
878
679
673
953
620
364
413
758
692
902
49
453
940
544
900
151
998
575
442
857
212
342
533
92
497
783
879
140
522
559
100
399
590
772
703
209
487
115
319
530
16
719
334
308
614
233
810
611
160
252
468
723
593
352
814
442
134
692
581
8
251
32
406
840
155
109
400
993
575
718
874
943
789
207
250
402
792
59
13
303
662
832
25
607
183
838
48
669
529
980
676
131
364
433
970
518
541
370
863
468
439
736
410
227
295
11
981
86
69
993
740
83
824
764
689
358
601
88
26
481
67
53
612
430
486
581
300
26
302
162
845
93
249
606
671
543
616
651
980
37
995
719
119
170
482
159
528
434
246
905
915
664
958
526
94
443
458
745
820
112
906
665
556
154
270
226
49
238
229
28
274
223
747
392
393
228
902
272
662
499
176
928
162
485
805
607
927
262
351
747
373
256
763
928
762
384
506
810
621
734
837
894
308
583
637
52
163
538
323
176
388
851
103
550
335
907
156
262
520
507
360
245
762
474
524
875
209
381
684
830
114
873
75
774
455
64
825
969
953
148
144
341
998
598
890
332
856
45
945
376
903
656
972
17
129
495
891
338
228
927
519
341
799
593
466
253
8
291
222
961
790
717
301
787
315
190
470
522
586
767
897
489
422
220
505
903
67
747
240
294
673
110
986
471
702
452
76
62
742
649
22
883
717
322
669
31
863
490
905
800
256
801
640
30
373
496
932
439
243
171
732
267
632
69
738
685
520
165
746
613
813
767
495
529
440
515
912
302
357
816
454
612
968
93
993
692
589
924
130
183
446
213
449
77
282
538
762
153
702
507
118
866
274
612
747
713
479
10
367
835
177
820
798
496
264
791
188
852
714
669
386
160
882
835
588
515
372
349
19
426
856
136
643
481
100
741
545
578
750
263
764
278
82
561
774
346
351
961
549
417
981
935
928
862
121
515
728
844
216
747
269
71
234
264
903
333
4
447
262
754
710
25
31
143
938
156
840
288
116
741
56
97
27
983
310
147
850
390
990
65
488
611
487
721
874
389
406
229
187
667
982
248
44
365
743
981
520
934
620
988
674
676
436
700
10
97
198
859
838
188
923
325
150
761
398
375
149
155
603
688
821
585
935
216
301
29
196
172
963
168
159
636
843
946
688
204
395
885
415
232
424
689
909
573
450
306
947
598
460
550
637
632
486
572
200
138
600
747
309
914
914
820
550
108
117
589
312
511
473
726
743
897
766
3
821
215
660
768
813
471
669
449
454
506
372
653
643
324
400
951
237
665
122
138
773
239
726
436
749
551
513
843
447
278
845
619
493
856
386
657
326
406
457
780
911
181
432
905
504
183
208
92
848
329
582
972
567
307
407
668
209
271
862
7
548
59
626
392
914
363
48
240
769
857
19
31
37
802
936
892
337
143
983
184
471
564
155
390
223
913
57
783
183
918
790
82
328
415
474
242
777
521
481
897
377
851
928
765
4
215
656
340
357
639
523
179
554
29
920
128
293
328
911
827
598
700
909
925
114
382
166
242
254
998
139
983
848
66
747
852
632
403
543
988
393
66
518
298
446
790
778
91
117
688
917
66
739
825
991
204
558
508
445
812
506
935
794
705
1000
892
908
983
294
451
322
38
868
840
336
313
981
113
755
449
152
672
515
242
848
505
797
758
12
241
569
869
528
714
574
879
605
481
862
251
931
183
288
798
374
975
463
354
87
217
803
590
240
317
831
440
821
627
197
184
220
117
53
747
830
626
625
786
458
838
36
389
21
676
538
394
650
352
748
89
569
902
678
160
218
861
951
390
487
147
573
58
615
977
156
444
954
133
582
412
970
617
152
990
644
689
736
294
41
483
382
961
384
59
472
953
919
423
342
758
921
266
167
536
243
323
331
548
807
912
959
776
881
110
118
524
799
853
817
191
687
550
151
422
609
622
374
879
396
67
988
317
332
155
204
926
829
886
474
635
798
784
762
30
894
879
553
44
83
722
234
769
271
736
542
231
709
915
462
105
981
449
773
665
603
328
942
783
213
767
417
362
551
179
391
444
409
296
487
492
369
72
612
991
807
154
222
867
420
35
323
401
483
95
417
438
774
358
220
987
125
989
700
27
167
91
470
927
738
308
418
106
731
382
96
889
535
669
755
954
55
78
706
538
524
474
327
298
832
898
636
308
886
