608
493
234
721
892
526
821
586
411
835
139
411
476
357
602
569
959
372
46
268
509
730
318
370
433
856
373
194
95
3
942
703
495
527
775
738
404
595
324
815
782
814
577
609
522
178
529
481
549
575
100
58
656
769
779
88
977
151
281
71
153
575
125
999
101
899
737
505
846
412
671
979
225
247
939
746
424
467
578
324
41
29
733
697
798
511
136
774
662
417
196
166
343
321
165
443
571
253
947
416
664
617
746
240
863
684
985
638
503
915
314
543
295
46
591
92
557
727
217
570
495
413
87
837
733
603
279
303
855
578
71
870
194
168
109
409
852
446
398
706
360
711
248
654
109
191
98
17
269
666
586
763
78
24
951
162
627
581
817
833
158
887
703
704
54
811
464
257
256
213
962
967
924
562
973
384
752
422
400
372
87
337
134
165
360
436
678
986
16
494
819
526
380
873
581
786
683
44
394
291
608
708
257
883
269
581
266
372
2
665
743
89
1
228
605
361
15
282
698
30
776
868
907
507
740
487
644
423
882
390
65
490
97
673
724
717
254
990
440
255
654
534
695
655
113
299
367
127
933
64
508
60
932
415
566
23
253
562
797
487
951
861
328
47
534
51
763
787
40
554
393
694
87
88
700
199
738
66
325
22
129
832
81
412
598
647
435
851
560
231
337
510
92
16
556
625
66
670
763
106
223
155
151
309
594
850
859
684
915
183
705
395
366
138
807
964
136
593
166
695
823
854
204
266
869
759
242
934
780
4
391
2
511
541
662
456
390
872
139
656
54
196
51
771
333
209
734
468
801
251
162
975
104
365
241
972
475
482
258
606
838
648
959
348
541
972
803
282
843
294
938
896
489
340
18
173
900
752
640
700
354
153
26
458
517
266
781
343
100
390
948
937
390
258
636
930
229
790
211
71
83
500
318
923
191
335
95
90
438
86
141
792
238
167
249
106
784
381
448
883
771
747
171
160
4
158
441
584
948
651
654
382
503
971
305
693
306
751
135
743
837
275
886
426
793
486
532
929
867
331
811
989
430
334
500
785
491
940
369
790
942
22
172
444
345
828
489
2
578
623
744
766
249
630
544
42
115
75
970
333
757
132
673
186
817
172
323
308
111
691
449
53
64
620
848
408
447
336
409
377
310
505
494
559
486
37
952
952
463
273
637
220
404
309
757
221
481
79
880
943
121
680
347
185
300
195
944
98
882
705
826
544
561
320
102
46
708
405
349
171
677
985
742
80
294
498
652
126
929
883
68
49
563
415
233
214
961
529
663
842
233
489
737
145
160
190
542
867
594
890
389
270
227
482
702
872
332
705
997
260
588
64
308
502
830
893
67
790
421
729
984
5
217
720
149
376
910
42
595
503
931
335
125
509
817
826
380
500
530
376
759
469
792
66
322
621
310
388
763
730
117
746
86
333
817
586
61
726
627
7
581
558
341
57
418
509
882
798
8
763
525
118
584
668
536
905
641
845
645
403
927
761
500
12
445
316
598
505
394
224
863
326
133
204
382
551
64
615
700
424
377
224
541
312
244
76
569
884
273
213
638
199
973
137
562
769
804
159
626
197
735
488
522
867
43
255
769
107
869
468
530
598
44
422
909
639
850
477
522
122
689
511
672
13
647
233
782
802
744
759
351
478
246
872
696
289
479
465
395
347
284
276
944
679
49
853
317
250
681
190
723
370
52
394
734
50
979
867
852
722
625
202
199
871
425
894
159
903
710
905
250
994
532
545
24
932
749
693
182
430
234
904
151
286
298
884
335
276
751
538
997
727
739
547
597
164
792
107
418
502
363
19
847
246
564
870
178
312
914
359
741
148
262
891
785
911
127
119
538
229
657
534
955
747
432
904
262
224
362
32
725
77
50
923
322
965
792
499
629
58
209
721
557
823
964
341
733
90
811
271
318
819
156
624
566
588
879
179
163
241
210
887
317
260
809
990
576
952
841
204
361
49
925
917
871
888
257
956
977
68
226
646
238
733
621
803
320
500
334
482
740
543
720
408
154
880
397
730
184
237
285
544
638
209
461
860
96
717
815
424
136
392
421
374
125
394
528
796
893
861
630
984
756
349
743
909
581
139
990
764
728
275
307
365
483
119
224
931
836
391
706
323
782
479
48
906
872
576
702
764
436
331
99
543
31
841
452
963
979
793
726
58
67
385
774
902
503
998
184
690
740
889
365
521
367
412
427
238
987
480
353
775
162
451
317
544
291
120
507
622
913
584
679
979
320
805
232
175
802
415
864
893
304
228
413
22
992
191
612
978
