797
835
281
788
674
963
208
488
41
609
194
98
852
779
522
722
571
829
938
121
908
755
482
597
865
515
936
478
400
946
980
196
132
260
335
805
223
543
644
615
503
838
64
354
968
937
427
538
765
716
11
24
823
844
620
39
710
555
517
109
852
496
656
984
107
990
788
329
884
784
295
387
973
359
92
940
295
871
830
412
586
192
435
760
35
407
799
744
961
315
204
165
162
211
148
268
552
287
949
436
70
595
174
42
953
265
334
600
135
515
363
73
706
797
832
740
555
982
835
868
648
390
32
161
600
179
429
503
817
729
938
887
323
463
280
628
728
965
579
214
479
941
286
184
89
470
275
644
451
461
511
99
850
542
259
801
72
39
656
888
119
593
126
794
56
758
421
135
74
351
348
553
291
986
88
731
455
715
374
257
527
236
707
729
777
318
529
200
356
184
440
827
129
917
620
536
674
40
22
748
742
369
652
32
354
739
762
160
805
488
417
332
723
123
60
852
440
940
51
148
476
842
974
956
759
593
843
432
984
864
531
725
584
182
108
938
273
221
97
77
708
865
760
431
988
819
282
779
111
684
926
586
878
899
541
636
843
383
419
178
598
950
902
181
483
361
470
755
582
919
184
289
783
943
71
770
114
704
549
576
740
826
161
617
77
53
252
919
787
670
97
384
971
350
916
454
63
386
560
644
304
95
284
86
390
355
208
855
58
108
430
797
933
942
413
9
346
16
280
132
38
728
867
360
429
134
165
491
519
725
134
822
171
418
260
560
124
467
766
181
926
195
330
210
488
94
571
833
110
850
316
499
929
534
858
357
668
23
848
186
99
333
8
269
102
619
181
225
85
298
758
362
845
87
571
332
180
141
165
641
342
832
139
270
366
349
627
33
371
826
218
821
510
577
441
612
195
621
188
631
271
945
344
115
383
915
446
563
407
962
555
749
794
46
370
511
394
348
543
116
173
112
936
683
689
376
646
235
349
833
218
619
130
561
85
512
475
530
426
234
844
981
982
989
26
703
499
771
51
41
886
575
152
173
257
192
548
254
779
248
87
996
866
568
556
302
79
383
832
505
616
27
837
949
15
214
651
865
984
53
257
221
628
760
393
236
952
292
490
730
540
928
77
757
495
984
59
925
366
242
429
333
620
265
633
986
478
636
850
813
688
106
385
667
865
777
903
168
421
744
249
312
671
325
68
517
661
478
441
26
71
870
711
690
486
695
675
316
330
876
128
370
981
865
36
198
641
290
365
413
33
966
724
703
290
144
571
950
973
12
328
44
233
390
85
718
84
760
385
766
987
865
487
968
729
874
165
721
164
881
134
548
846
209
603
488
352
173
789
677
184
468
720
768
857
156
838
293
267
222
410
254
86
896
221
814
769
737
887
284
969
372
832
815
580
434
302
284
958
442
960
494
910
31
261
766
186
98
410
805
320
819
58
757
714
630
923
835
366
809
470
686
180
301
500
759
86
153
394
396
595
353
889
504
735
149
621
273
599
31
77
270
849
134
26
915
115
300
749
832
108
570
517
639
223
17
750
308
521
143
55
115
848
943
970
582
444
943
854
42
325
282
311
173
767
688
439
881
988
539
712
447
109
229
86
331
597
835
990
117
329
45
584
176
339
905
110
782
847
315
175
171
597
837
696
363
525
134
244
864
673
307
310
133
535
747
463
483
933
452
600
262
496
535
789
835
439
898
968
638
565
143
160
513
979
855
227
855
341
822
718
365
129
380
497
15
126
959
498
59
762
97
672
610
631
460
796
421
710
763
58
626
257
218
138
236
424
364
442
116
186
512
480
314
891
328
680
368
286
177
778
400
273
801
9
255
613
804
28
322
566
85
299
823
654
436
410
430
151
203
545
336
714
377
1
956
704
681
324
342
209
453
741
834
254
749
88
866
552
115
539
469
552
837
643
557
624
404
986
774
607
883
462
320
259
814
276
962
846
951
303
55
755
43
888
360
791
327
577
694
794
467
163
345
655
157
901
278
561
239
404
167
121
217
838
731
30
465
692
876
415
347
282
522
741
169
881
884
495
458
577
288
276
91
984
931
600
237
560
160
827
963
678
947
531
515
29
561
980
72
788
746
418
69
267
159
589
500
394
435
309
322
75
584
413
410
514
364
646
426
523
472
740
552
770
271
418
798
831
397
870
970
495
639
390
113
149
330
612
542
764
920
864
190
856
628
600
721
343
245
146
865
69
886
768
190
156
185
340
338
934
561
659
428
199
48
540
700
377
152
241
492
423
456
682
630
435
281
351
777
