195
409
693
273
314
644
867
809
6
484
528
176
645
72
940
614
488
902
417
783
490
613
312
598
529
288
74
881
287
500
819
834
261
511
106
574
506
324
382
863
159
909
38
804
332
330
417
171
231
833
305
73
797
616
670
326
255
743
206
894
594
376
727
854
239
184
427
96
507
161
959
666
421
996
821
753
677
237
275
260
421
580
332
217
547
1
894
802
95
452
47
688
827
773
894
65
956
672
161
814
832
471
479
605
818
299
709
495
887
983
754
659
562
437
228
109
437
121
262
531
572
308
570
399
432
463
815
387
135
327
552
966
797
383
570
615
681
278
461
920
613
566
578
174
2
805
634
438
278
247
320
849
906
889
599
337
352
766
75
838
92
627
155
241
361
77
207
41
706
19
312
318
584
242
844
585
46
477
374
323
76
45
524
333
285
474
670
636
239
96
825
683
74
980
275
434
56
833
827
761
851
490
431
786
731
274
370
129
102
95
803
177
139
326
510
423
152
531
411
390
978
587
424
404
566
50
837
973
882
15
86
732
505
516
517
235
789
238
715
890
684
518
419
174
843
928
949
346
810
711
736
787
297
511
190
215
561
379
187
442
393
272
526
249
787
394
836
575
984
550
817
667
67
235
841
262
514
141
607
323
851
694
461
499
557
3
713
117
733
252
910
477
523
435
726
662
829
913
588
164
462
404
830
881
990
22
494
503
162
452
177
364
498
990
215
54
344
927
522
76
530
431
552
405
218
277
66
398
189
5
561
3
761
390
235
750
764
728
605
277
531
133
641
28
474
855
81
817
133
602
892
663
385
796
67
602
424
484
999
613
488
559
967
248
948
201
350
711
280
306
340
810
438
980
838
264
186
270
80
670
224
324
332
608
119
750
209
542
585
207
506
73
765
824
672
64
24
373
127
655
678
466
465
468
797
654
731
982
923
162
651
146
485
335
105
955
436
313
497
21
519
354
445
635
178
468
699
553
841
177
208
870
642
24
337
438
677
419
771
951
581
773
449
65
459
553
20
247
866
868
619
736
221
415
723
750
882
773
303
74
949
862
944
942
885
632
731
913
51
501
215
631
625
663
47
436
216
418
682
433
285
300
520
858
66
242
607
947
14
909
373
314
770
668
255
6
299
985
918
701
837
133
683
814
147
730
249
714
147
282
498
784
581
18
641
646
611
247
944
977
508
316
290
629
983
545
635
634
881
904
334
70
388
17
883
535
98
131
600
596
412
98
379
344
467
19
341
77
618
636
405
125
304
695
753
638
591
739
271
823
643
957
892
30
973
774
916
422
256
868
17
667
965
396
362
783
766
702
859
735
690
264
859
993
310
964
630
252
702
901
74
344
857
966
726
181
91
993
954
347
860
970
365
176
717
727
958
835
780
169
569
469
784
780
461
445
743
91
696
444
343
769
140
551
86
217
83
177
561
36
523
421
357
887
948
74
965
906
260
745
426
828
565
209
607
26
653
701
468
700
145
162
468
636
712
906
852
146
82
764
181
956
184
537
194
484
962
159
741
221
255
166
401
819
726
359
196
730
60
15
429
556
176
248
191
239
153
394
384
234
157
564
189
693
453
383
528
766
893
268
339
147
785
739
317
510
449
513
591
508
879
19
63
55
266
605
645
419
350
29
4
507
944
193
551
748
927
78
514
171
697
204
669
481
942
985
342
742
849
932
250
728
950
664
134
567
269
130
985
970
158
989
476
454
533
378
553
811
455
66
333
503
621
1
983
914
985
324
656
186
607
905
265
556
568
750
475
188
879
459
158
389
799
985
842
683
715
746
493
169
164
825
24
784
177
6
698
162
682
353
699
288
257
963
196
176
712
670
716
590
480
225
330
279
209
523
313
923
269
806
444
432
982
467
215
159
824
912
672
505
264
722
145
872
684
340
400
747
9
115
688
840
691
18
470
251
540
783
526
808
940
969
239
921
787
806
431
962
717
454
819
333
175
963
556
210
302
955
956
662
421
996
501
111
13
323
362
904
105
887
712
44
207
302
316
345
107
747
306
176
552
476
508
727
438
63
288
739
370
244
752
790
239
605
253
603
927
966
506
31
204
569
426
762
871
741
106
329
839
763
504
391
239
11
469
676
426
756
767
795
351
870
936
941
826
188
543
752
505
401
134
708
969
911
469
191
652
926
520
490
41
23
232
279
34
700
306
811
456
424
605
806
646
540
99
471
80
641
575
936
393
60
644
362
971
464
552
622
390
71
463
430
94
695
60
479
746
717
641
201
493
245
359
490
136
457
960
567
449
886
