689
333
52
305
753
73
472
577
650
327
559
247
604
713
766
511
339
922
733
54
932
647
297
396
917
556
368
809
402
848
927
90
533
330
746
637
402
217
213
403
544
123
649
499
187
414
9
525
336
93
930
619
740
227
14
8
134
733
816
887
933
94
328
465
424
73
453
177
290
17
580
185
139
228
683
325
994
691
201
681
135
131
299
874
709
665
882
194
397
49
80
681
143
407
145
918
479
597
446
120
613
377
304
103
957
338
427
950
380
980
630
515
110
280
388
170
296
621
363
693
22
794
373
516
200
870
433
30
818
230
150
783
607
805
885
563
495
664
864
874
643
845
388
104
124
128
273
420
100
987
464
121
780
188
636
331
409
420
360
227
2
861
361
608
18
245
522
512
260
385
737
254
581
477
709
56
956
333
827
55
319
290
528
450
830
515
780
238
287
492
816
288
704
176
247
721
773
120
584
32
856
321
638
436
149
346
491
104
679
318
510
349
959
37
799
788
904
930
378
190
421
193
829
125
369
75
845
141
194
781
524
49
101
161
836
249
859
326
704
537
995
213
237
954
602
35
93
505
965
470
46
385
663
874
861
383
300
58
875
845
838
398
245
290
911
80
890
769
757
593
657
752
805
893
705
406
280
149
262
244
619
307
980
633
180
193
367
479
250
241
675
87
638
919
376
548
998
617
316
755
209
324
506
13
217
562
771
496
710
32
91
680
691
422
664
870
614
30
701
863
270
727
301
908
646
28
807
995
644
475
749
852
798
606
217
14
519
987
861
581
370
951
260
60
725
924
282
338
953
334
201
223
60
853
482
705
881
288
700
524
762
800
376
560
758
944
925
628
282
786
208
651
88
820
63
164
95
696
502
399
29
54
973
440
906
454
145
786
94
196
662
855
347
389
766
456
332
691
436
613
828
995
615
267
814
677
431
260
724
284
659
752
337
983
192
594
789
688
380
882
235
393
88
933
781
854
741
112
896
176
724
75
170
338
693
336
367
475
947
90
758
605
194
446
940
737
40
728
776
771
609
362
163
696
294
943
901
386
54
796
561
129
222
83
818
915
770
536
389
716
978
147
673
171
592
612
259
983
339
386
753
299
747
915
346
392
209
247
778
614
394
690
742
616
124
912
530
893
447
270
961
424
768
633
946
712
596
556
694
286
941
447
584
687
713
929
431
922
527
560
535
921
249
629
888
725
892
769
969
338
38
929
114
806
561
411
517
156
967
210
793
259
8
376
298
73
657
728
994
535
287
880
807
887
860
694
611
751
462
932
441
852
860
554
657
773
316
525
280
634
86
73
893
446
448
190
518
456
917
511
991
555
742
797
441
602
843
404
352
656
335
792
507
546
697
515
318
13
39
598
998
477
670
890
922
469
79
439
277
347
301
267
901
394
415
694
995
257
449
699
913
135
490
771
680
539
286
998
903
676
947
900
152
616
790
425
436
220
215
712
567
515
330
819
909
745
864
255
353
312
953
617
446
795
388
126
333
673
475
587
348
421
486
852
388
627
276
823
199
491
535
117
357
864
935
617
960
151
872
313
462
824
929
260
970
316
737
654
340
211
240
688
631
78
539
18
56
166
192
254
656
726
370
13
942
657
981
901
807
852
565
620
28
494
231
997
161
967
3
501
177
242
540
159
671
430
528
727
595
720
332
603
797
54
967
738
62
947
991
220
799
907
839
178
752
422
526
913
388
528
765
917
122
304
75
144
733
603
222
679
674
554
281
470
959
247
560
20
194
550
239
344
808
429
521
560
850
46
824
238
926
588
154
47
243
580
190
327
534
412
5
207
317
638
677
275
884
236
294
429
137
884
772
944
312
644
855
162
42
678
751
967
265
256
365
507
835
906
185
721
669
190
927
337
827
955
611
62
542
256
491
30
139
614
326
451
258
180
964
651
858
714
969
474
969
333
333
155
590
517
875
611
706
154
947
884
460
558
946
354
165
788
383
304
401
60
106
10
592
69
660
449
782
628
274
102
312
606
256
254
123
131
864
180
636
810
64
95
719
361
448
884
148
183
187
900
594
644
910
185
712
921
985
845
901
259
946
212
864
201
465
986
331
680
166
318
490
581
413
208
293
212
91
440
394
629
691
988
624
952
524
335
225
509
179
125
767
124
688
630
677
505
968
359
184
485
677
673
417
89
233
709
652
675
500
46
656
190
385
279
494
260
966
718
768
496
842
534
620
881
516
648
385
835
6
569
671
682
593
87
122
177
795
126
852
294
171
507
835
907
137
680
166
102
397
286
598
590
171
569
