958 155 489 587 216 343 257 243 740 346 174 784 458 719 638 662 46 220 825 608 147 382 606 461 180 
376 709 585 35 447 97 101 197 26 551 837 560 223 311 801 908 963 377 385 431 345 125 638 220 603 
740 611 112 429 537 891 68 822 925 119 391 117 788 469 935 445 973 533 456 982 719 556 487 735 813 
275 234 691 357 427 882 654 373 400 127 949 179 749 136 213 254 237 2 262 147 434 531 186 819 667 
640 61 692 537 639 223 571 276 701 971 130 554 317 109 174 490 305 321 103 299 99 911 278 123 710 
875 970 125 993 209 451 71 597 516 897 714 577 851 983 256 881 424 174 14 987 360 154 235 974 685 
547 483 261 456 138 63 567 175 921 140 705 601 325 622 29 99 406 528 424 223 206 922 836 786 149 
807 673 186 419 356 737 467 944 242 772 726 745 715 644 204 390 551 638 572 401 828 652 647 221 893 
685 72 966 556 110 135 648 809 64 289 841 887 419 116 129 932 428 573 366 780 489 759 435 636 879 
520 733 773 925 221 540 663 183 787 280 809 525 987 191 433 438 497 859 431 591 106 399 171 406 184 
776 532 607 393 780 142 157 231 141 115 528 439 757 902 653 408 471 641 590 937 704 766 920 27 474 
702 570 402 451 260 201 195 104 147 571 951 342 764 319 885 543 353 153 411 136 405 411 636 155 850 
91 339 836 368 73 17 455 511 420 52 176 701 751 101 724 579 381 563 443 926 59 313 356 87 239 
64 936 179 422 29 780 339 298 573 637 740 255 261 196 720 425 333 666 735 514 320 362 619 575 590 
394 735 452 475 623 966 707 554 810 908 500 597 89 57 226 37 89 385 729 413 329 290 881 545 145 
546 657 658 780 431 381 472 112 767 423 515 625 265 695 854 84 271 836 208 600 586 373 157 371 483 
345 46 315 289 91 540 299 257 400 313 304 486 569 145 977 334 542 702 2 577 883 901 544 898 472 
390 182 81 251 114 62 420 128 656 442 93 52 928 11 261 609 139 559 94 390 37 827 691 964 962 
899 65 905 978 637 882 834 323 213 743 322 642 203 319 158 598 503 183 302 77 36 625 262 909 203 
671 313 660 637 300 487 609 550 526 141 332 747 1000 456 578 428 671 857 497 233 245 424 148 384 614 
858 645 116 357 457 991 252 940 822 751 317 830 762 881 493 538 250 501 656 290 729 912 329 7 283 
933 56 1000 499 973 536 14 693 840 134 206 666 470 962 729 878 603 232 684 80 609 296 45 842 572 
138 206 211 412 719 738 100 484 711 60 338 393 912 648 319 835 696 124 950 763 945 441 458 266 418 
946 58 604 92 571 537 125 839 201 256 616 228 948 763 716 225 378 275 121 88 557 733 354 15 801 
276 998 850 584 757 813 309 696 955 745 844 738 177 767 863 405 127 186 521 298 939 740 502 374 759 
526 881 153 149 411 826 72 938 902 622 972 714 339 66 431 672 358 543 215 880 387 248 158 200 708 
89 289 370 634 637 677 87 365 936 424 57 42 467 42 130 856 771 790 19 228 989 648 168 163 487 
306 979 167 167 61 966 890 460 998 693 559 188 122 674 51 988 192 638 513 741 756 640 427 841 269 
372 623 97 786 314 268 530 622 821 251 50 867 295 95 989 601 612 168 849 751 578 389 15 860 138 
168 380 729 895 43 732 6 426 687 553 488 355 173 830 616 705 128 934 61 381 346 798 853 53 873 
510 77 971 104 353 192 969 585 783 421 438 787 850 176 847 609 977 403 596 32 369 579 739 518 842 
870 589 51 841 345 893 902 523 85 346 780 104 270 342 890 543 496 134 661 164 53 310 129 389 58 
43 922 903 374 450 163 408 663 133 13 632 510 814 977 108 439 371 188 466 744 429 234 923 621 285 
794 207 962 184 216 273 781 230 777 9 236 911 624 786 344 552 954 721 354 453 844 952 535 300 224 
876 636 672 999 112 140 251 970 810 590 639 391 514 40 395 453 572 444 409 157 471 226 85 983 220 
986 459 535 932 981 28 439 657 276 204 908 501 603 298 365 632 467 535 936 190 578 564 198 33 645 
245 370 949 97 763 603 543 825 432 107 327 587 775 776 371 99 966 652 876 297 545 809 837 434 9 
414 313 278 675 178 871 532 674 96 370 743 524 709 663 926 516 110 617 373 666 360 412 850 848 476 
488 185 223 50 210 433 682 420 561 28 44 422 124 694 756 456 290 835 161 378 118 855 72 645 678 
830 679 653 999 905 755 113 989 234 683 703 779 246 918 299 806 187 310 141 664 503 708 597 722 573 
