850 900 795 938 528 832 855 541 165 618 315 331 516 735 204 576 789 30 942 716 635 50 641 357 793 
889 670 194 950 853 371 461 226 261 277 763 259 753 295 824 513 241 391 607 158 421 754 421 352 446 
263 159 576 733 35 735 720 710 606 590 79 5 45 82 801 169 232 97 216 535 206 470 113 469 74 
57 912 808 36 702 636 772 855 236 934 753 360 351 632 401 649 176 892 549 744 526 494 41 856 536 
324 650 95 408 964 240 206 190 967 771 404 82 153 442 539 813 85 781 726 795 484 345 900 41 250 
456 521 279 884 329 448 894 736 27 206 618 711 585 147 730 539 854 677 813 546 188 564 178 754 214 
450 765 90 692 564 343 247 103 169 149 940 313 352 261 155 471 460 256 396 565 418 679 863 530 353 
257 109 839 428 696 892 320 587 343 452 153 154 397 734 797 688 322 282 836 282 211 576 509 250 64 
184 545 320 257 465 938 668 689 58 458 531 680 473 360 133 931 223 536 290 63 644 774 547 365 929 
509 55 802 221 337 439 162 692 715 259 432 362 679 62 704 206 0 314 663 26 462 555 104 657 886 
430 946 875 468 159 696 281 775 5 98 393 80 834 523 129 300 745 918 124 755 450 804 814 393 324 
719 573 484 527 759 719 342 604 338 139 981 674 844 930 636 891 123 359 531 978 760 895 88 331 910 
817 98 686 78 4 922 211 138 420 683 667 700 971 872 420 606 382 341 652 985 325 866 724 704 941 
678 353 339 774 166 942 89 320 104 833 731 85 906 671 963 165 777 590 318 896 681 852 537 627 513 
186 146 839 596 413 89 980 174 919 842 681 184 338 676 8 302 687 611 491 229 31 446 633 357 858 
649 896 600 185 195 864 122 250 940 966 196 912 74 608 135 835 962 714 92 858 314 14 684 990 415 
780 809 402 387 466 268 705 311 971 697 544 130 634 260 351 413 388 660 544 667 715 814 208 305 831 
137 146 189 25 640 954 222 962 655 526 274 64 963 901 307 304 663 419 370 766 417 670 674 383 220 
942 625 682 656 144 266 176 396 484 972 748 555 731 696 171 545 453 134 853 883 94 14 735 694 85 
487 582 277 598 207 679 732 576 453 975 305 161 415 19 977 461 545 383 154 213 408 669 88 340 948 
277 609 467 929 227 550 183 211 695 931 995 142 127 289 287 403 285 71 42 436 21 24 504 73 952 
151 496 517 636 927 919 708 542 180 347 394 403 818 193 343 735 454 930 196 974 80 961 680 596 196 
987 864 762 306 147 202 965 930 620 559 908 262 20 891 670 39 594 134 538 119 170 639 626 534 942 
462 381 858 585 28 175 587 926 81 477 561 967 795 960 801 94 187 977 601 262 984 911 823 214 991 
297 374 273 333 515 315 511 415 639 876 724 679 49 609 735 385 1000 890 910 991 757 745 637 434 930 
274 420 691 68 98 216 915 3 595 706 941 372 669 593 380 693 749 309 342 268 33 291 917 875 689 
496 882 204 936 701 181 305 911 50 732 439 366 285 241 103 34 306 928 185 810 611 61 407 122 53 
948 641 825 882 671 510 391 349 104 642 214 152 426 296 912 81 39 873 793 107 154 230 304 219 301 
438 941 932 749 244 945 567 700 793 614 797 20 706 991 405 509 226 618 123 809 691 504 12 827 976 
474 46 216 142 577 697 495 168 932 393 640 379 725 241 819 842 229 739 721 442 781 436 901 871 851 
158 558 464 745 654 258 645 969 203 107 988 266 35 9 903 319 40 785 850 535 98 944 931 163 677 
373 566 149 584 157 987 546 803 278 244 723 449 510 266 969 353 354 99 409 427 36 725 837 125 347 
83 217 474 258 224 841 519 963 104 721 35 578 62 270 279 957 523 562 887 508 783 366 276 866 674 
810 583 779 740 146 372 606 427 707 274 693 909 618 855 320 948 747 81 2 288 519 547 163 239 214 
824 922 158 247 691 194 561 837 373 657 281 843 709 219 354 238 42 395 727 45 270 659 907 713 852 
226 202 720 243 381 195 196 692 641 114 97 261 213 531 423 452 632 28 658 273 695 525 77 835 259 
646 76 298 308 182 467 315 55 832 231 268 674 847 56 497 832 397 867 649 175 213 269 310 356 361 
577 410 922 456 323 870 664 188 125 203 710 365 889 487 43 703 79 202 488 306 909 85 348 39 905 
196 241 692 434 807 490 742 194 462 903 590 838 885 528 633 742 932 685 496 156 542 225 153 749 568 
119 341 427 139 850 832 755 715 630 377 11 849 974 861 827 659 756 489 110 512 459 813 201 898 907 
958 155 489 587 216 343 257 243 740 346 174 784 458 719 638 662 46 220 825 608 147 382 606 461 180 
376 709 585 35 447 97 101 197 26 551 837 560 223 311 801 908 963 377 385 431 345 125 638 220 603 
740 611 112 429 537 891 68 822 925 119 391 117 788 469 935 445 973 533 456 982 719 556 487 735 813 
275 234 691 357 427 882 654 373 400 127 949 179 749 136 213 254 237 2 262 147 434 531 186 819 667 
640 61 692 537 639 223 571 276 701 971 130 554 317 109 174 490 305 321 103 299 99 911 278 123 710 
875 970 125 993 209 451 71 597 516 897 714 577 851 983 256 881 424 174 14 987 360 154 235 974 685 
547 483 261 456 138 63 567 175 921 140 705 601 325 622 29 99 406 528 424 223 206 922 836 786 149 
807 673 186 419 356 737 467 944 242 772 726 745 715 644 204 390 551 638 572 401 828 652 647 221 893 
685 72 966 556 110 135 648 809 64 289 841 887 419 116 129 932 428 573 366 780 489 759 435 636 879 
520 733 773 925 221 540 663 183 787 280 809 525 987 191 433 438 497 859 431 591 106 399 171 406 184 
776 532 607 393 780 142 157 231 141 115 528 439 757 902 653 408 471 641 590 937 704 766 920 27 474 
702 570 402 451 260 201 195 104 147 571 951 342 764 319 885 543 353 153 411 136 405 411 636 155 850 
91 339 836 368 73 17 455 511 420 52 176 701 751 101 724 579 381 563 443 926 59 313 356 87 239 
64 936 179 422 29 780 339 298 573 637 740 255 261 196 720 425 333 666 735 514 320 362 619 575 590 
394 735 452 475 623 966 707 554 810 908 500 597 89 57 226 37 89 385 729 413 329 290 881 545 145 
546 657 658 780 431 381 472 112 767 423 515 625 265 695 854 84 271 836 208 600 586 373 157 371 483 
345 46 315 289 91 540 299 257 400 313 304 486 569 145 977 334 542 702 2 577 883 901 544 898 472 
390 182 81 251 114 62 420 128 656 442 93 52 928 11 261 609 139 559 94 390 37 827 691 964 962 
899 65 905 978 637 882 834 323 213 743 322 642 203 319 158 598 503 183 302 77 36 625 262 909 203 
671 313 660 637 300 487 609 550 526 141 332 747 1000 456 578 428 671 857 497 233 245 424 148 384 614 
858 645 116 357 457 991 252 940 822 751 317 830 762 881 493 538 250 501 656 290 729 912 329 7 283 
933 56 1000 499 973 536 14 693 840 134 206 666 470 962 729 878 603 232 684 80 609 296 45 842 572 
138 206 211 412 719 738 100 484 711 60 338 393 912 648 319 835 696 124 950 763 945 441 458 266 418 
946 58 604 92 571 537 125 839 201 256 616 228 948 763 716 225 378 275 121 88 557 733 354 15 801 
276 998 850 584 757 813 309 696 955 745 844 738 177 767 863 405 127 186 521 298 939 740 502 374 759 
526 881 153 149 411 826 72 938 902 622 972 714 339 66 431 672 358 543 215 880 387 248 158 200 708 
89 289 370 634 637 677 87 365 936 424 57 42 467 42 130 856 771 790 19 228 989 648 168 163 487 
306 979 167 167 61 966 890 460 998 693 559 188 122 674 51 988 192 638 513 741 756 640 427 841 269 
372 623 97 786 314 268 530 622 821 251 50 867 295 95 989 601 612 168 849 751 578 389 15 860 138 
168 380 729 895 43 732 6 426 687 553 488 355 173 830 616 705 128 934 61 381 346 798 853 53 873 
510 77 971 104 353 192 969 585 783 421 438 787 850 176 847 609 977 403 596 32 369 579 739 518 842 
870 589 51 841 345 893 902 523 85 346 780 104 270 342 890 543 496 134 661 164 53 310 129 389 58 
43 922 903 374 450 163 408 663 133 13 632 510 814 977 108 439 371 188 466 744 429 234 923 621 285 
794 207 962 184 216 273 781 230 777 9 236 911 624 786 344 552 954 721 354 453 844 952 535 300 224 
876 636 672 999 112 140 251 970 810 590 639 391 514 40 395 453 572 444 409 157 471 226 85 983 220 
986 459 535 932 981 28 439 657 276 204 908 501 603 298 365 632 467 535 936 190 578 564 198 33 645 
245 370 949 97 763 603 543 825 432 107 327 587 775 776 371 99 966 652 876 297 545 809 837 434 9 
414 313 278 675 178 871 532 674 96 370 743 524 709 663 926 516 110 617 373 666 360 412 850 848 476 
488 185 223 50 210 433 682 420 561 28 44 422 124 694 756 456 290 835 161 378 118 855 72 645 678 
830 679 653 999 905 755 113 989 234 683 703 779 246 918 299 806 187 310 141 664 503 708 597 722 573 
