24 296 141 760 368 420 838 226 20 969 963 198 707 74 662 947 815 513 526 2 100 518 976 141 16
309 311 389 871 19 802 55 605 145 780 416 438 803 431 735 712 870 568 276 911 753 231 634 601
866 941 684 188 513 736 256 367 950 284 822 587 588 371 527 161 560 686 181 332 622 58 32 808
831 817 14 308 745 62 46 419 647 751 973 119 506 304 602 519 758 35 598 166 607 192 109 844 478
223 942 424 669 262 822 59 196 800 853 25 708 517 489 333 586 430 106 102 730 577 474 34 763 664
200 144 395 817 539 366 415 503 548 287 413 493 256 309 945 826 520 532 827 130 656 236 513 463 609
542 213 297 295 509 832 953 339 514 685 439 206 4 990 853 405 158 855 54 84 170 99 214 31 818 172 228
104 790 569 552 764 775 604 323 937 99 939 964 541 671 942 107 156 599 660 879 940 471 141 361 977
611 50 770 633 213 81 578 104 216 999 411 611 66 79 895 865 265 629 37 827 472 841 981 561 24 456 139
335 61 157 475 992 107 766 307 385 305 830 263 259 571 886 502 9 616 496 365 468 291 23 671 506 174
1000 865 249 718 251 1000 65 960 259 307 847 698 784 330 845 553 903 15 621 940 889 768 782 20 914 939
318 498 82 431 175 967 298 886 966 680 489 983 891 393 478 353 174 246 751 148 384 875 993 150 366
709 770 636 95 342 396 197 320 502 135 576 924 234 769 78 586 947 986 418 798 253 849 20 208 655 619
23 74 120 791 893 328 90 866 280 820 307 420 105 563 487 554 639 865 292 176 593 636 645 599 588 331
838 83 828 365 121 713 231 334 543 136 51 467 334 823 887 639 101 931 477 790 463 552 370 929 858 758
899 302 407 557 52 318 163 628 882 451 674 664 265 812 118 137 818 927 251 186 122 262 784 878 238 871
944 711 800 273 109 695 641 893 960 662 589 347 919 138 197 930 372 208 893 707 225 576 231 976 950
279 611 155 138 355 697 597 536 923 642 345 891 638 49 637 59 554 987 498 189 209 110 654 105 657 100
713 910 707 977 275 104 532 778 73 351 727 277 149 146 916 155 615 241 710 734 156 32 186 987 935 527
911 129 131 533 424 625 809 411 992 853 670 953 210 4 264 69 29 515 98 981 526 816 575 338 976 152
992 762 142 610 47 408 516 85 997 404 970 681 531 902 628 243 602 498 423 684 792 606 40 64 407 541
631 846 740 84 707 411 278 905 52 621 782 716 36 189 805 506 386 763 375 749 226 444 963 577 850 160
214 673 211 691 222 159 480 215 914 47 912 727 604 738 648 740 309 791 424 764 766 923 341 52 656
458 663 332 768 852 277 323 380 447 731 541 816 938 159 376 657 463 540 640 681 514 502 227 886
642 576 513 214 565 547 273 448 258 491 903 161 487 800 275 891 298 259 614 586 803 64 794 555
495 13 864 875 845 762 561 995 943 387 258 407 114 615 366 109 782 206 58 735 745 615 870 376
735 870 20 117 250 963 886 215 773 697 962 947 373 414 704 671 828 166 932 726 345 198 18 762
589 571 22 678 182 763 441 14 459 165 781 119 804 928 346 267 321 423 81 43 308 547 362 709
569 223 318 470 66 793 667 544 440 21 665 98 393 119 70 479 370 898 237 220 290 138 352 894
837 765 548 500 154 561 257 928 429 75 582 70 649 262 229 624 495 940 702 26 532 872 854 732
33 554 847 176 627 348 91 243 738 707 2 775 984 696 327 165 541 179 266 873 498 248 106 452 637 973 968
351 583 310 100 757 947 94 975 662 502 885 442 542 581 232 734 188 900 293 522 285 235 466 29 616 849 29
240 239 625 177 204 148 564 565 606 295 271 683 571 214 429 444 823 780 855 5 879 42 97 534 273 704 300
73 379 693 232 456 996 220 206 351 209 354 793 341 706 378 631 428 968 820 431 298 870 169 771 954 692
702 280 647 233 800 665 608 941 624 480 689 16 181 999 966 692 559 148 710 159 57 51 911 346 324 412 761
496 276 679 887 68 983 506 226 592 35 452 886 980 583 988 521 956 136 348 758 207 540 75 525 797 675 488
179 265 230 521 46 303 625 860 148 227 92 339 972 760 366 979 665 349 931 446 794 686 919 0 145 959 198 314
9 606 799 357 229 665 697 467 680 433 294 55 757 560 364 435 361 364 33 231 438 549 622 851 184 561 588 899
 485 203 298 643 487 383 817 478 788 337 537 53 757 983 387 143 202 43 314 484 775 573 775 597 905 190 534 