897 790 125 713 216 43 501 187 198 966 69 975 364 886 496 920 405 747 163 606 430 164 751 963 11 
845 673 479 118 335 812 705 815 627 417 30 360 609 218 248 264 978 223 628 863 719 548 959 155 711 
254 585 876 695 237 577 540 600 746 658 935 247 52 439 874 159 160 924 768 378 172 31 45 395 660 
599 804 898 247 959 608 191 233 173 886 470 440 425 70 186 773 695 433 825 134 998 985 294 921 442 
362 783 474 97 177 824 386 671 411 633 319 709 824 552 883 710 713 322 134 783 198 908 167 322 422 
992 9 406 976 930 539 27 713 703 125 580 526 511 942 627 835 260 335 658 503 217 57 215 230 192 
688 118 790 545 440 211 537 449 618 202 69 156 230 472 859 355 742 74 556 373 391 80 634 726 739 
827 634 796 41 554 678 419 672 467 964 112 679 500 251 987 703 10 833 623 172 381 978 605 145 223 
978 536 304 301 261 733 127 895 218 168 448 897 587 811 363 551 613 41 741 554 718 133 565 550 756 
427 621 423 31 766 337 9 301 641 310 253 63 438 838 281 296 286 177 884 787 231 124 399 963 555 
953 681 689 517 921 134 635 542 558 666 307 895 675 299 225 676 552 979 804 389 259 99 365 127 673 
151 358 487 550 320 42 193 0 421 400 612 555 34 153 803 701 150 697 65 139 612 431 691 590 234 
771 540 334 826 667 697 978 24 184 217 344 226 410 35 337 811 647 892 535 490 385 235 330 772 992 
470 384 422 160 664 657 621 203 681 447 870 377 424 894 251 331 929 477 432 654 504 933 991 86 467 
480 471 393 810 242 384 279 626 496 130 981 843 751 183 213 888 53 591 1 637 842 333 255 9 455 
909 203 387 589 289 544 68 760 937 569 693 10 538 8 507 358 989 39 800 172 253 687 916 534 689 
242 65 712 498 765 166 96 969 553 686 257 787 444 708 724 12 400 734 241 408 931 599 87 661 398 
259 914 776 865 137 464 106 893 175 604 658 31 701 316 274 76 263 60 520 661 784 533 60 208 464 
159 829 62 937 489 151 195 92 927 59 229 80 856 122 255 460 470 977 851 786 250 927 739 310 136 
400 785 669 150 683 823 1000 511 886 936 0 727 130 92 653 880 12 733 736 825 678 886 294 654 426 
770 594 352 508 594 488 598 68 848 749 751 360 748 262 936 684 262 662 504 44 4 74 56 427 810 
881 795 385 865 448 811 324 732 853 833 326 30 430 394 568 869 145 929 617 97 864 300 49 216 494 
93 220 568 841 648 67 411 442 452 967 581 262 290 2 805 813 18 836 243 413 403 802 248 21 418 
35 886 408 84 792 903 868 11 160 398 349 228 810 482 680 466 753 633 756 755 437 569 464 272 502 
877 366 303 815 387 722 850 963 820 624 754 412 491 456 573 890 495 801 389 977 480 855 419 803 610 
865 240 869 328 202 370 895 568 364 399 646 776 248 298 595 562 52 7 52 198 270 632 693 70 711 
360 240 565 779 43 866 333 283 734 661 485 795 245 744 158 644 79 934 582 377 528 143 119 225 887 
317 495 518 10 255 920 60 496 484 529 539 39 863 512 774 213 687 258 459 430 416 102 199 39 685 
577 257 518 696 483 404 13 668 613 714 924 532 464 419 15 993 648 746 545 159 209 759 846 467 908 
967 573 9 165 612 384 432 869 593 128 351 997 832 710 609 235 633 140 699 742 847 691 389 592 236 
548 801 685 83 958 592 49 530 291 906 141 366 337 700 959 155 742 645 987 451 254 221 83 84 610 
825 621 301 904 903 227 451 393 602 534 350 884 274 570 174 870 711 230 897 411 879 52 843 524 729 
293 778 641 66 552 250 581 173 241 484 75 468 935 159 760 158 509 643 122 79 508 682 480 738 579 
581 617 321 423 140 49 716 608 690 472 850 631 52 22 872 536 789 30 160 948 790 9 146 433 822 
916 941 504 396 368 773 977 675 93 90 505 833 496 112 523 969 653 153 711 675 715 938 153 745 788 
791 535 797 938 968 309 853 598 503 939 966 275 606 331 368 696 836 891 191 639 413 850 291 256 561 
966 972 188 810 406 976 290 941 463 918 598 772 461 195 274 399 852 549 4 182 607 390 17 497 272 
656 601 121 637 547 372 603 208 560 102 615 536 392 555 999 0 153 460 461 38 734 860 580 973 555 
452 269 945 160 766 907 506 56 28 143 604 90 436 502 651 538 116 877 620 362 565 620 205 24 80 
934 448 631 514 420 876 966 689 820 125 144 727 632 892 445 775 495 535 210 687 876 438 494 752 57 
