850 900 795 938 528 832 855 541 165 618 315 331 516 735 204 576 789 30 942 716 635 50 641 357 793 
889 670 194 950 853 371 461 226 261 277 763 259 753 295 824 513 241 391 607 158 421 754 421 352 446 
263 159 576 733 35 735 720 710 606 590 79 5 45 82 801 169 232 97 216 535 206 470 113 469 74 
57 912 808 36 702 636 772 855 236 934 753 360 351 632 401 649 176 892 549 744 526 494 41 856 536 
324 650 95 408 964 240 206 190 967 771 404 82 153 442 539 813 85 781 726 795 484 345 900 41 250 
456 521 279 884 329 448 894 736 27 206 618 711 585 147 730 539 854 677 813 546 188 564 178 754 214 
450 765 90 692 564 343 247 103 169 149 940 313 352 261 155 471 460 256 396 565 418 679 863 530 353 
257 109 839 428 696 892 320 587 343 452 153 154 397 734 797 688 322 282 836 282 211 576 509 250 64 
184 545 320 257 465 938 668 689 58 458 531 680 473 360 133 931 223 536 290 63 644 774 547 365 929 
509 55 802 221 337 439 162 692 715 259 432 362 679 62 704 206 0 314 663 26 462 555 104 657 886 
430 946 875 468 159 696 281 775 5 98 393 80 834 523 129 300 745 918 124 755 450 804 814 393 324 
719 573 484 527 759 719 342 604 338 139 981 674 844 930 636 891 123 359 531 978 760 895 88 331 910 
817 98 686 78 4 922 211 138 420 683 667 700 971 872 420 606 382 341 652 985 325 866 724 704 941 
678 353 339 774 166 942 89 320 104 833 731 85 906 671 963 165 777 590 318 896 681 852 537 627 513 
186 146 839 596 413 89 980 174 919 842 681 184 338 676 8 302 687 611 491 229 31 446 633 357 858 
649 896 600 185 195 864 122 250 940 966 196 912 74 608 135 835 962 714 92 858 314 14 684 990 415 
780 809 402 387 466 268 705 311 971 697 544 130 634 260 351 413 388 660 544 667 715 814 208 305 831 
137 146 189 25 640 954 222 962 655 526 274 64 963 901 307 304 663 419 370 766 417 670 674 383 220 
942 625 682 656 144 266 176 396 484 972 748 555 731 696 171 545 453 134 853 883 94 14 735 694 85 
487 582 277 598 207 679 732 576 453 975 305 161 415 19 977 461 545 383 154 213 408 669 88 340 948 
277 609 467 929 227 550 183 211 695 931 995 142 127 289 287 403 285 71 42 436 21 24 504 73 952 
151 496 517 636 927 919 708 542 180 347 394 403 818 193 343 735 454 930 196 974 80 961 680 596 196 
987 864 762 306 147 202 965 930 620 559 908 262 20 891 670 39 594 134 538 119 170 639 626 534 942 
462 381 858 585 28 175 587 926 81 477 561 967 795 960 801 94 187 977 601 262 984 911 823 214 991 
297 374 273 333 515 315 511 415 639 876 724 679 49 609 735 385 1000 890 910 991 757 745 637 434 930 
274 420 691 68 98 216 915 3 595 706 941 372 669 593 380 693 749 309 342 268 33 291 917 875 689 
496 882 204 936 701 181 305 911 50 732 439 366 285 241 103 34 306 928 185 810 611 61 407 122 53 
948 641 825 882 671 510 391 349 104 642 214 152 426 296 912 81 39 873 793 107 154 230 304 219 301 
438 941 932 749 244 945 567 700 793 614 797 20 706 991 405 509 226 618 123 809 691 504 12 827 976 
474 46 216 142 577 697 495 168 932 393 640 379 725 241 819 842 229 739 721 442 781 436 901 871 851 
158 558 464 745 654 258 645 969 203 107 988 266 35 9 903 319 40 785 850 535 98 944 931 163 677 
373 566 149 584 157 987 546 803 278 244 723 449 510 266 969 353 354 99 409 427 36 725 837 125 347 
83 217 474 258 224 841 519 963 104 721 35 578 62 270 279 957 523 562 887 508 783 366 276 866 674 
810 583 779 740 146 372 606 427 707 274 693 909 618 855 320 948 747 81 2 288 519 547 163 239 214 
824 922 158 247 691 194 561 837 373 657 281 843 709 219 354 238 42 395 727 45 270 659 907 713 852 
226 202 720 243 381 195 196 692 641 114 97 261 213 531 423 452 632 28 658 273 695 525 77 835 259 
646 76 298 308 182 467 315 55 832 231 268 674 847 56 497 832 397 867 649 175 213 269 310 356 361 
577 410 922 456 323 870 664 188 125 203 710 365 889 487 43 703 79 202 488 306 909 85 348 39 905 
196 241 692 434 807 490 742 194 462 903 590 838 885 528 633 742 932 685 496 156 542 225 153 749 568 
119 341 427 139 850 832 755 715 630 377 11 849 974 861 827 659 756 489 110 512 459 813 201 898 907 
