889 811 804 792 238 170 431 184 695 121 542 860 35 681 362 13 931 765 889 112 543 224 227 243 177 
520 235 293 804 346 611 967 555 965 679 886 168 87 453 834 571 819 817 144 918 982 137 519 50 399 
921 61 48 374 611 240 234 732 61 121 551 865 982 951 571 451 266 504 370 808 556 502 522 839 353 
961 197 0 827 80 337 371 948 411 496 43 548 769 452 472 88 653 860 536 522 153 828 779 963 287 
693 824 711 134 688 277 515 135 367 116 947 661 298 551 72 623 60 6 695 250 478 570 813 847 714 
183 534 175 977 649 783 461 316 927 257 160 432 427 403 84 371 66 791 231 257 475 75 482 250 543 
73 122 190 783 409 835 957 135 897 97 691 964 802 368 133 207 374 494 674 248 322 864 484 829 24 
984 501 141 473 888 22 288 755 301 17 270 786 336 88 811 531 751 460 285 714 259 901 789 550 322 
88 895 258 117 694 737 417 120 400 948 989 913 459 913 174 452 413 654 797 184 794 932 257 445 474 
848 5 706 27 889 907 53 640 923 194 398 852 159 516 592 818 224 287 421 299 121 81 990 57 219 
28 857 352 513 942 240 271 607 314 923 581 757 346 575 788 85 324 314 197 500 767 565 374 230 772 
450 936 976 590 808 980 184 278 681 229 138 21 207 349 127 13 241 17 943 404 789 805 330 515 912 
893 253 663 221 508 689 784 360 153 41 863 548 436 434 282 98 17 422 836 370 28 229 681 844 183 
824 661 342 459 6 639 295 489 949 799 486 152 193 140 682 126 980 163 336 441 47 984 404 493 808 
237 293 382 868 369 553 110 548 66 368 543 396 242 475 191 680 609 505 998 60 862 534 686 953 125 
309 828 300 329 798 27 303 449 968 247 930 334 780 693 354 878 213 135 239 874 49 600 572 573 434 
815 542 443 619 51 482 898 86 921 605 941 67 179 419 530 451 8 499 778 846 479 251 724 769 337 
679 494 260 701 583 333 179 76 24 54 80 630 859 56 769 69 836 647 644 897 24 382 493 546 59 
369 389 672 342 275 878 8 53 65 198 138 228 783 861 70 618 131 850 423 202 164 207 175 796 13 
281 782 23 478 854 293 821 518 432 131 497 575 130 34 104 492 337 210 533 978 349 374 838 525 299 
617 665 947 261 632 692 548 639 564 617 869 775 176 395 573 902 843 415 236 129 848 31 149 261 872 
612 489 524 792 392 555 121 525 228 438 10 121 189 229 229 629 570 706 513 673 794 561 783 710 831 
716 959 380 703 355 143 201 409 787 13 682 923 278 123 644 170 248 15 85 886 979 208 281 212 981 
274 756 287 775 236 28 304 306 186 847 916 899 329 936 109 385 136 425 470 429 756 804 542 827 116 
988 515 454 788 215 641 261 73 213 483 184 476 751 696 611 392 222 664 40 484 465 518 904 279 159 
802 478 587 547 485 724 632 107 538 518 353 253 46 953 83 800 248 231 890 218 900 336 373 35 78 
985 921 835 947 533 252 577 822 838 31 544 704 332 102 956 79 978 404 871 919 299 548 85 319 829 
187 898 374 560 674 307 281 668 798 952 267 572 880 597 896 392 622 854 673 89 76 64 196 111 763 
730 782 385 398 663 158 567 988 707 669 137 850 345 1000 709 657 438 449 890 261 693 789 232 269 192 
430 799 117 253 348 667 159 352 722 869 844 619 366 303 759 688 575 294 941 747 216 458 889 247 228 
934 450 624 464 186 999 666 106 371 210 630 983 337 439 652 655 247 46 594 1 39 83 746 239 828 
468 336 788 477 528 781 373 987 510 645 77 227 217 299 73 495 679 797 155 283 297 727 264 858 975 
250 56 782 396 234 844 642 436 492 293 530 195 38 278 969 725 296 190 126 915 981 324 492 1 643 
914 877 543 800 62 877 755 743 186 7 776 897 869 685 390 143 185 592 154 469 310 312 390 879 558 
273 727 781 89 997 466 344 704 222 632 751 861 317 585 781 717 604 413 338 359 538 563 450 907 106 
521 646 725 820 811 244 600 114 404 899 962 8 312 307 640 574 869 849 770 770 350 831 697 463 351 
615 657 358 202 594 37 460 790 269 751 132 982 2 936 719 282 452 564 574 262 18 562 980 408 755 
197 399 214 646 45 415 14 643 933 609 564 308 618 776 570 490 976 731 441 523 849 683 870 419 556 
843 579 195 179 638 49 313 645 0 293 3 146 766 674 993 863 862 860 350 352 383 321 319 285 670 
942 726 552 15 999 228 953 68 481 105 196 216 442 967 119 889 980 175 576 289 513 156 479 258 312 
