958 155 489 587 216 343 257 243 740 346 174 784 458 719 638 662 46 220 825 608 147 382 606 461 180 
376 709 585 35 447 97 101 197 26 551 837 560 223 311 801 908 963 377 385 431 345 125 638 220 603 
740 611 112 429 537 891 68 822 925 119 391 117 788 469 935 445 973 533 456 982 719 556 487 735 813 
275 234 691 357 427 882 654 373 400 127 949 179 749 136 213 254 237 2 262 147 434 531 186 819 667 
640 61 692 537 639 223 571 276 701 971 130 554 317 109 174 490 305 321 103 299 99 911 278 123 710 
875 970 125 993 209 451 71 597 516 897 714 577 851 983 256 881 424 174 14 987 360 154 235 974 685 
547 483 261 456 138 63 567 175 921 140 705 601 325 622 29 99 406 528 424 223 206 922 836 786 149 
807 673 186 419 356 737 467 944 242 772 726 745 715 644 204 390 551 638 572 401 828 652 647 221 893 
685 72 966 556 110 135 648 809 64 289 841 887 419 116 129 932 428 573 366 780 489 759 435 636 879 
520 733 773 925 221 540 663 183 787 280 809 525 987 191 433 438 497 859 431 591 106 399 171 406 184 
776 532 607 393 780 142 157 231 141 115 528 439 757 902 653 408 471 641 590 937 704 766 920 27 474 
702 570 402 451 260 201 195 104 147 571 951 342 764 319 885 543 353 153 411 136 405 411 636 155 850 
91 339 836 368 73 17 455 511 420 52 176 701 751 101 724 579 381 563 443 926 59 313 356 87 239 
64 936 179 422 29 780 339 298 573 637 740 255 261 196 720 425 333 666 735 514 320 362 619 575 590 
394 735 452 475 623 966 707 554 810 908 500 597 89 57 226 37 89 385 729 413 329 290 881 545 145 
546 657 658 780 431 381 472 112 767 423 515 625 265 695 854 84 271 836 208 600 586 373 157 371 483 
345 46 315 289 91 540 299 257 400 313 304 486 569 145 977 334 542 702 2 577 883 901 544 898 472 
390 182 81 251 114 62 420 128 656 442 93 52 928 11 261 609 139 559 94 390 37 827 691 964 962 
899 65 905 978 637 882 834 323 213 743 322 642 203 319 158 598 503 183 302 77 36 625 262 909 203 
671 313 660 637 300 487 609 550 526 141 332 747 1000 456 578 428 671 857 497 233 245 424 148 384 614 
858 645 116 357 457 991 252 940 822 751 317 830 762 881 493 538 250 501 656 290 729 912 329 7 283 
933 56 1000 499 973 536 14 693 840 134 206 666 470 962 729 878 603 232 684 80 609 296 45 842 572 
138 206 211 412 719 738 100 484 711 60 338 393 912 648 319 835 696 124 950 763 945 441 458 266 418 
946 58 604 92 571 537 125 839 201 256 616 228 948 763 716 225 378 275 121 88 557 733 354 15 801 
276 998 850 584 757 813 309 696 955 745 844 738 177 767 863 405 127 186 521 298 939 740 502 374 759 
526 881 153 149 411 826 72 938 902 622 972 714 339 66 431 672 358 543 215 880 387 248 158 200 708 
89 289 370 634 637 677 87 365 936 424 57 42 467 42 130 856 771 790 19 228 989 648 168 163 487 
306 979 167 167 61 966 890 460 998 693 559 188 122 674 51 988 192 638 513 741 756 640 427 841 269 
372 623 97 786 314 268 530 622 821 251 50 867 295 95 989 601 612 168 849 751 578 389 15 860 138 
168 380 729 895 43 732 6 426 687 553 488 355 173 830 616 705 128 934 61 381 346 798 853 53 873 
510 77 971 104 353 192 969 585 783 421 438 787 850 176 847 609 977 403 596 32 369 579 739 518 842 
870 589 51 841 345 893 902 523 85 346 780 104 270 342 890 543 496 134 661 164 53 310 129 389 58 
43 922 903 374 450 163 408 663 133 13 632 510 814 977 108 439 371 188 466 744 429 234 923 621 285 
794 207 962 184 216 273 781 230 777 9 236 911 624 786 344 552 954 721 354 453 844 952 535 300 224 
876 636 672 999 112 140 251 970 810 590 639 391 514 40 395 453 572 444 409 157 471 226 85 983 220 
986 459 535 932 981 28 439 657 276 204 908 501 603 298 365 632 467 535 936 190 578 564 198 33 645 
245 370 949 97 763 603 543 825 432 107 327 587 775 776 371 99 966 652 876 297 545 809 837 434 9 
414 313 278 675 178 871 532 674 96 370 743 524 709 663 926 516 110 617 373 666 360 412 850 848 476 
488 185 223 50 210 433 682 420 561 28 44 422 124 694 756 456 290 835 161 378 118 855 72 645 678 
830 679 653 999 905 755 113 989 234 683 703 779 246 918 299 806 187 310 141 664 503 708 597 722 573 
889 811 804 792 238 170 431 184 695 121 542 860 35 681 362 13 931 765 889 112 543 224 227 243 177 
520 235 293 804 346 611 967 555 965 679 886 168 87 453 834 571 819 817 144 918 982 137 519 50 399 
921 61 48 374 611 240 234 732 61 121 551 865 982 951 571 451 266 504 370 808 556 502 522 839 353 
961 197 0 827 80 337 371 948 411 496 43 548 769 452 472 88 653 860 536 522 153 828 779 963 287 
693 824 711 134 688 277 515 135 367 116 947 661 298 551 72 623 60 6 695 250 478 570 813 847 714 
183 534 175 977 649 783 461 316 927 257 160 432 427 403 84 371 66 791 231 257 475 75 482 250 543 
73 122 190 783 409 835 957 135 897 97 691 964 802 368 133 207 374 494 674 248 322 864 484 829 24 
984 501 141 473 888 22 288 755 301 17 270 786 336 88 811 531 751 460 285 714 259 901 789 550 322 
88 895 258 117 694 737 417 120 400 948 989 913 459 913 174 452 413 654 797 184 794 932 257 445 474 
848 5 706 27 889 907 53 640 923 194 398 852 159 516 592 818 224 287 421 299 121 81 990 57 219 
28 857 352 513 942 240 271 607 314 923 581 757 346 575 788 85 324 314 197 500 767 565 374 230 772 
450 936 976 590 808 980 184 278 681 229 138 21 207 349 127 13 241 17 943 404 789 805 330 515 912 
893 253 663 221 508 689 784 360 153 41 863 548 436 434 282 98 17 422 836 370 28 229 681 844 183 
824 661 342 459 6 639 295 489 949 799 486 152 193 140 682 126 980 163 336 441 47 984 404 493 808 
237 293 382 868 369 553 110 548 66 368 543 396 242 475 191 680 609 505 998 60 862 534 686 953 125 
309 828 300 329 798 27 303 449 968 247 930 334 780 693 354 878 213 135 239 874 49 600 572 573 434 
815 542 443 619 51 482 898 86 921 605 941 67 179 419 530 451 8 499 778 846 479 251 724 769 337 
679 494 260 701 583 333 179 76 24 54 80 630 859 56 769 69 836 647 644 897 24 382 493 546 59 
369 389 672 342 275 878 8 53 65 198 138 228 783 861 70 618 131 850 423 202 164 207 175 796 13 
281 782 23 478 854 293 821 518 432 131 497 575 130 34 104 492 337 210 533 978 349 374 838 525 299 
617 665 947 261 632 692 548 639 564 617 869 775 176 395 573 902 843 415 236 129 848 31 149 261 872 
612 489 524 792 392 555 121 525 228 438 10 121 189 229 229 629 570 706 513 673 794 561 783 710 831 
716 959 380 703 355 143 201 409 787 13 682 923 278 123 644 170 248 15 85 886 979 208 281 212 981 
274 756 287 775 236 28 304 306 186 847 916 899 329 936 109 385 136 425 470 429 756 804 542 827 116 
988 515 454 788 215 641 261 73 213 483 184 476 751 696 611 392 222 664 40 484 465 518 904 279 159 
802 478 587 547 485 724 632 107 538 518 353 253 46 953 83 800 248 231 890 218 900 336 373 35 78 
985 921 835 947 533 252 577 822 838 31 544 704 332 102 956 79 978 404 871 919 299 548 85 319 829 
187 898 374 560 674 307 281 668 798 952 267 572 880 597 896 392 622 854 673 89 76 64 196 111 763 
730 782 385 398 663 158 567 988 707 669 137 850 345 1000 709 657 438 449 890 261 693 789 232 269 192 
430 799 117 253 348 667 159 352 722 869 844 619 366 303 759 688 575 294 941 747 216 458 889 247 228 
934 450 624 464 186 999 666 106 371 210 630 983 337 439 652 655 247 46 594 1 39 83 746 239 828 
468 336 788 477 528 781 373 987 510 645 77 227 217 299 73 495 679 797 155 283 297 727 264 858 975 
250 56 782 396 234 844 642 436 492 293 530 195 38 278 969 725 296 190 126 915 981 324 492 1 643 
914 877 543 800 62 877 755 743 186 7 776 897 869 685 390 143 185 592 154 469 310 312 390 879 558 
273 727 781 89 997 466 344 704 222 632 751 861 317 585 781 717 604 413 338 359 538 563 450 907 106 
521 646 725 820 811 244 600 114 404 899 962 8 312 307 640 574 869 849 770 770 350 831 697 463 351 
615 657 358 202 594 37 460 790 269 751 132 982 2 936 719 282 452 564 574 262 18 562 980 408 755 
197 399 214 646 45 415 14 643 933 609 564 308 618 776 570 490 976 731 441 523 849 683 870 419 556 
843 579 195 179 638 49 313 645 0 293 3 146 766 674 993 863 862 860 350 352 383 321 319 285 670 
942 726 552 15 999 228 953 68 481 105 196 216 442 967 119 889 980 175 576 289 513 156 479 258 312 
