736 905 143 680 967 475 233 688 71 174 486 791 340 691 901 319 684 497 401 556 314 258 411 238 964 
41 527 356 898 263 649 590 156 579 314 601 850 418 866 546 775 424 948 960 970 569 528 222 383 931 
721 225 313 42 491 161 839 206 413 260 347 339 35 953 881 267 320 982 672 333 758 223 83 869 868 
22 830 481 928 390 484 967 566 431 214 734 220 297 334 411 215 781 585 602 456 478 499 587 430 726 
638 253 196 982 398 85 26 93 499 613 520 15 790 0 878 946 678 591 800 223 692 847 281 267 11 
304 816 48 348 710 580 209 601 133 297 186 68 879 868 22 935 13 283 399 644 980 588 748 952 468 
730 830 904 991 682 275 877 349 375 853 514 93 637 750 996 52 740 778 724 872 768 336 473 179 234 
886 402 78 764 759 191 936 605 107 970 816 626 835 809 297 168 920 565 691 135 666 904 747 974 536 
945 180 562 35 772 205 686 453 108 556 670 637 874 423 787 622 846 846 518 179 819 306 584 381 78 
476 333 424 726 871 539 548 856 943 959 325 661 369 44 390 347 368 765 244 118 753 201 781 764 99 
695 221 28 247 252 947 116 714 627 758 304 942 747 802 531 850 921 619 558 606 222 557 393 820 910 
123 693 194 338 828 173 147 893 404 148 116 159 161 225 952 341 339 268 661 1 65 59 88 19 328 
259 711 487 922 326 177 161 818 151 351 722 847 270 582 840 51 532 773 797 411 696 235 0 51 424 
590 740 944 747 865 285 280 411 398 612 552 915 792 244 74 490 9 438 496 529 490 133 756 913 788 
749 656 301 897 323 981 162 742 433 678 175 203 946 773 39 38 199 565 203 240 341 587 289 613 403 
8 848 247 836 50 608 331 164 696 93 289 162 688 518 459 647 287 144 830 892 576 549 394 678 442 
454 126 773 516 243 995 299 516 927 781 673 942 318 227 695 432 341 792 836 202 375 801 243 159 202 
814 685 664 932 352 982 243 944 601 320 233 694 112 377 398 425 245 565 109 119 484 351 343 530 805 
325 234 471 685 119 259 645 456 816 220 87 249 874 600 692 578 167 579 299 847 975 671 275 85 838 
239 941 972 911 216 690 751 542 227 183 422 472 388 247 79 233 165 237 281 207 984 410 993 487 0 
55 89 953 983 208 64 812 332 833 7 507 589 923 799 823 292 830 511 304 816 234 879 537 793 23 
105 426 677 645 585 369 532 354 988 134 208 577 648 988 735 173 288 294 528 608 308 791 541 545 623 
560 413 973 569 458 857 104 525 512 426 778 589 549 50 476 174 91 791 99 651 241 457 49 13 60 
440 234 793 904 663 588 670 948 694 717 961 24 585 246 272 961 723 958 502 903 614 94 35 783 500 
712 561 617 871 998 760 736 717 961 756 842 600 704 124 287 236 30 18 733 81 589 643 133 135 603 
464 253 199 664 604 829 403 134 83 389 279 25 479 113 370 255 444 306 899 846 312 524 861 51 454 
162 378 745 514 311 61 762 567 652 984 372 26 29 128 718 935 383 712 83 771 434 448 691 324 23 
97 438 673 993 477 551 726 387 178 265 145 637 197 531 181 763 71 615 299 519 77 858 315 184 806 
328 289 802 765 415 141 742 605 583 24 685 769 81 39 238 375 912 910 174 274 108 895 683 236 259 
536 411 477 792 172 400 186 388 127 975 496 677 120 496 291 383 38 512 510 90 553 363 533 180 562 
907 851 267 571 328 179 114 756 886 649 123 671 660 146 364 433 630 585 37 969 552 222 619 291 245 
507 809 232 640 144 511 439 943 782 885 292 901 538 196 772 571 152 31 517 882 116 296 265 42 801 
427 142 520 867 807 418 842 133 836 731 233 163 547 526 515 490 412 357 98 139 257 99 488 376 740 
840 743 515 435 532 467 951 818 845 712 622 670 227 120 795 342 449 860 417 407 183 46 429 405 874 
903 217 728 310 782 802 370 841 207 899 499 256 224 138 554 495 254 83 874 847 349 723 342 329 730 
456 678 94 610 618 464 369 57 198 36 619 784 151 89 145 732 285 682 841 819 559 817 57 299 510 
85 316 391 452 421 0 814 498 892 854 877 901 558 916 858 706 292 358 951 238 904 917 592 357 380 
538 677 180 832 180 491 360 117 993 31 78 268 843 898 693 48 903 970 630 230 66 826 501 340 442 
393 176 924 276 291 464 672 715 85 532 461 56 290 492 316 409 709 465 150 508 260 855 94 62 397 
514 129 327 568 68 965 962 349 640 832 354 149 888 898 649 250 705 138 0 0 0 0 0 0 0 
850 900 795 938 528 832 855 541 165 618 315 331 516 735 204 576 789 30 942 716 635 50 641 357 793 
889 670 194 950 853 371 461 226 261 277 763 259 753 295 824 513 241 391 607 158 421 754 421 352 446 
263 159 576 733 35 735 720 710 606 590 79 5 45 82 801 169 232 97 216 535 206 470 113 469 74 
57 912 808 36 702 636 772 855 236 934 753 360 351 632 401 649 176 892 549 744 526 494 41 856 536 
324 650 95 408 964 240 206 190 967 771 404 82 153 442 539 813 85 781 726 795 484 345 900 41 250 
456 521 279 884 329 448 894 736 27 206 618 711 585 147 730 539 854 677 813 546 188 564 178 754 214 
450 765 90 692 564 343 247 103 169 149 940 313 352 261 155 471 460 256 396 565 418 679 863 530 353 
257 109 839 428 696 892 320 587 343 452 153 154 397 734 797 688 322 282 836 282 211 576 509 250 64 
184 545 320 257 465 938 668 689 58 458 531 680 473 360 133 931 223 536 290 63 644 774 547 365 929 
509 55 802 221 337 439 162 692 715 259 432 362 679 62 704 206 0 314 663 26 462 555 104 657 886 
430 946 875 468 159 696 281 775 5 98 393 80 834 523 129 300 745 918 124 755 450 804 814 393 324 
719 573 484 527 759 719 342 604 338 139 981 674 844 930 636 891 123 359 531 978 760 895 88 331 910 
817 98 686 78 4 922 211 138 420 683 667 700 971 872 420 606 382 341 652 985 325 866 724 704 941 
678 353 339 774 166 942 89 320 104 833 731 85 906 671 963 165 777 590 318 896 681 852 537 627 513 
186 146 839 596 413 89 980 174 919 842 681 184 338 676 8 302 687 611 491 229 31 446 633 357 858 
649 896 600 185 195 864 122 250 940 966 196 912 74 608 135 835 962 714 92 858 314 14 684 990 415 
780 809 402 387 466 268 705 311 971 697 544 130 634 260 351 413 388 660 544 667 715 814 208 305 831 
137 146 189 25 640 954 222 962 655 526 274 64 963 901 307 304 663 419 370 766 417 670 674 383 220 
942 625 682 656 144 266 176 396 484 972 748 555 731 696 171 545 453 134 853 883 94 14 735 694 85 
487 582 277 598 207 679 732 576 453 975 305 161 415 19 977 461 545 383 154 213 408 669 88 340 0 
695 931 995 142 127 289 287 403 285 71 42 436 21 24 504 73 952 151 496 517 636 927 919 708 542 
180 347 394 403 818 193 343 735 454 930 196 974 80 961 680 596 196 987 864 762 306 147 202 965 930 
620 559 908 262 20 891 670 39 594 134 538 119 170 639 626 534 942 462 381 858 585 28 175 587 926 
81 477 561 967 795 960 801 94 187 977 601 262 984 911 823 214 991 297 374 273 333 515 315 511 415 
639 876 724 679 49 609 735 385 1000 890 910 991 757 745 637 434 930 274 420 691 68 98 216 915 3 
595 706 941 372 669 593 380 693 749 309 342 268 33 291 917 875 689 496 882 204 936 701 181 305 911 
50 732 439 366 285 241 103 34 306 928 185 810 611 61 407 122 53 948 641 825 882 671 510 391 349 
104 642 214 152 426 296 912 81 39 873 793 107 154 230 304 219 301 438 941 932 749 244 945 567 700 
793 614 797 20 706 991 405 509 226 618 123 809 691 504 12 827 976 474 46 216 142 577 697 495 168 
932 393 640 379 725 241 819 842 229 739 721 442 781 436 901 871 851 158 558 464 745 654 258 645 969 
203 107 988 266 35 9 903 319 40 785 850 535 98 944 931 163 677 373 566 149 584 157 987 546 803 
278 244 723 449 510 266 969 353 354 99 409 427 36 725 837 125 347 83 217 474 258 224 841 519 963 
104 721 35 578 62 270 279 957 523 562 887 508 783 366 276 866 674 810 583 779 740 146 372 606 427 
707 274 693 909 618 855 320 948 747 81 2 288 519 547 163 239 214 824 922 158 247 691 194 561 837 
373 657 281 843 709 219 354 238 42 395 727 45 270 659 907 713 852 226 202 720 243 381 195 196 692 
641 114 97 261 213 531 423 452 632 28 658 273 695 525 77 835 259 646 76 298 308 182 467 315 55 
832 231 268 674 847 56 497 832 397 867 649 175 213 269 310 356 361 577 410 922 456 323 870 664 188 
125 203 710 365 889 487 43 703 79 202 488 306 909 85 348 39 905 196 241 692 434 807 490 742 194 
462 903 590 838 885 528 633 742 932 685 496 156 542 225 153 749 568 119 341 427 139 850 832 755 715 
630 377 11 849 974 861 827 659 756 489 110 512 459 813 201 898 907 0 0 0 0 0 0 0 0 
